C2H10N2O ethane-1,2-diamine;hydrate 6780-13-8 273.15 391.15 1216.302886781296 0.6065160802197994 1.4550826682451671e-07 997.0483008954374 1967.649427892056 0.6065160802197994 1.4550826682451671e-07 997.0483008954374 1988.6611786081614 0.6065160802197994 1.4550826682451671e-07 2.287489882434447 rgb(192,169,64) 
C2H3F fluoranylethene 75-02-5 112.65 201.15 258.27745825436756 0.12784762818155557 1.603632554298131e-07 1197.1379174924311 855.5709420590109 0.12784762818155557 1.603632554298131e-07 931.819480114792 1095.1584511919812 0.017744592841884184 8.52490258010055e-06 1.9006390814067367 rgb(192,196,161)
C2H3NO methylimino(oxidanylidene)methane 624-83-9 210.65 311.45 429.7380069582405 0.15377345420554767 1.1284431076696745e-07 1209.419277943409 1451.0506023903201 0.15377345420554767 1.1284431076696745e-07 939.1157925858436 1129.7349936409944 0.01499651213350638 6.288540975389945e-06 2.110881175235335 rgb(93,59,45)
C2H4F2 1,2-bis(fluoranyl)ethane 624-72-6 273.15 299.15 677.5524654824669 0.17556962432175025 2.2514529782857738e-07 1150.9158439858004 1000.4691944437579 0.011672330079597466 4.016990583969937e-06 2.9043772475139535 1025.9902134471852 0.012519621666144344 4.392663707940995e-06 2.7779218951514575 rgb(220,228,175)
C2H4FNO 2-fluoranylethanamide 640-19-7 381.15 373.124 1053.2989327987395 0.6065160802197994 1.4550826682451671e-07 258.301388840396 1338.3623859819475 0.6065160802197994 1.4550826682451671e-07 250.88514711438722 1338.3623859819475 0.6065160802197994 1.4550826682451671e-07 250.88514711438722 rgb(128,128,0)
C2H4N2 2-azanylethanenitrile 540-61-4 374.15 373.124 1241.4221201053056 0.6065160802197994 1.4550826682451671e-07 803.4041175768203 1544.0394657295917 0.6065160802197994 1.4550826682451671e-07 780.9011708324106 1968.766277532197 0.1541364220998042 1.1520190087332753e-07 679.5970213032906 rgb(240,230,140)
C2H4N2O hydroxymethylcyanamide 51274-50-1 273.15 373.124 4180.5984388241495 0.6065160802197994 1.4550826682451671e-07 997.0483008954374 4180.5984388241495 0.6065160802197994 1.4550826682451671e-07 997.0483008954374 4180.5984388241495 0.6065160802197994 1.4550826682451671e-07 997.0483008954374 rgb(244,164,96)
C2H4O oxirane 75-21-8 161.8 283.55 453.0481571699205 0.1772680951174014 1.0180355102953807e-07 1238.9924973766647 1806.6648727023419 0.1772680951174014 1.0180355102953807e-07 963.8069426168037 1086.7325392663704 0.013639976156077645 6.8373147108705e-06 1.8357154785386558 rgb(245,255,250)
C2H5FO fluoranyl(methoxy)methane 460-22-0 273.15 373.124 4180.5984388241495 0.6065160802197994 1.4550826682451671e-07 997.0483008954374 4180.5984388241495 0.6065160802197994 1.4550826682451671e-07 997.0483008954374 4180.5984388241495 0.6065160802197994 1.4550826682451671e-07 997.0483008954374 rgb(245,222,179)
C2H5N aziridine 151-56-4 195.25 327.15 627.0649307810994 0.18599442959571322 1.1590024087461212e-07 1108.5272444045158 1929.9124314671126 0.18599442959571322 1.1590024087461212e-07 831.530139904023 1406.4069087876937 0.017371069149117766 8.149217676706014e-06 1.5156524971794474 rgb(255,255,255)
C2H5NO n-methylmethanamide 123-39-7 251.15 459.15 622.3107464872646 0.22567590064431747 1.0366200779840573e-07 1264.7371551254491 2118.991077289746 0.22567590064431747 1.0366200779840573e-07 1027.3926160008675 1638.2557302493517 0.021107095362017485 8.505343117230199e-06 1.514798750649084 rgb(255,255,255)
C2H5O methoxymethane 16520-04-0 273.15 373.124 4180.5984388241495 0.6065160802197994 1.4550826682451671e-07 997.0483008954374 4180.5984388241495 0.6065160802197994 1.4550826682451671e-07 997.0483008954374 4180.5984388241495 0.6065160802197994 1.4550826682451671e-07 997.0483008954374 rgb(245,245,245)
C2H6FN 2-fluoranylethanamine 406-34-8 273.15 373.124 4180.5984388241495 0.6065160802197994 1.4550826682451671e-07 997.0483008954374 4180.5984388241495 0.6065160802197994 1.4550826682451671e-07 997.0483008954374 4180.5984388241495 0.6065160802197994 1.4550826682451671e-07 997.0483008954374 rgb(176,196,222)
C2H6N2O 1-methylurea 598-50-5 376.15 373.124 1281.2843534168155 0.6065160802197994 1.4550826682451671e-07 247.9685307140153 1593.3983038277413 0.6065160802197994 1.4550826682451671e-07 240.97258117095163 1593.3983038277413 0.6065160802197994 1.4550826682451671e-07 240.97258117095163 rgb(248,248,255)
C2H6O2 dioxidanylethane 3031-74-1 173.15 368.15 487.18874513355456 0.6065160802197994 1.4550826682451671e-07 997.0483008954374 1764.3641272694642 0.6065160802197994 1.4550826682451671e-07 997.0483008954374 1527.6861625922731 0.6065160802197994 1.4550826682451671e-07 1.923936700825948 rgb(255,250,205)
C2H7NO 2-azanylethanol 141-43-5 283.45 443.45 810.0185672747565 0.21132815202436303 8.507678083793375e-08 1111.018711707701 2708.037793477981 0.21132815202436303 8.507678083793375e-08 917.2581636188079 2050.7264053964554 0.025722963006875498 7.761079734677346e-06 1.6161851961571847 rgb(244,164,96)
C2H8N2 ethane-1,2-diamine 107-15-3 283.15 390.05 896.0704777937166 0.22756777785547372 1.2665822201971247e-07 1085.7624252416424 2011.2041019395472 0.22756777785547372 1.2665822201971247e-07 893.3491640911366 2044.0350475157702 0.023802249924856373 6.466846572350565e-06 1.8006823828737195 rgb(250,240,230)
C2HNO formyl cyanide 4471-47-0 273.15 373.124 4180.5984388241495 0.6065160802197994 1.4550826682451671e-07 997.0483008954374 4180.5984388241495 0.6065160802197994 1.4550826682451671e-07 997.0483008954374 4180.5984388241495 0.6065160802197994 1.4550826682451671e-07 997.0483008954374 rgb(255,245,238)
C2N2O 2-oxidanidylazaniumylidyneethanenitrile 14442-19-4 273.15 373.124 4180.5984388241495 0.6065160802197994 1.4550826682451671e-07 997.0483008954374 4180.5984388241495 0.6065160802197994 1.4550826682451671e-07 997.0483008954374 4180.5984388241495 0.6065160802197994 1.4550826682451671e-07 997.0483008954374 rgb(255,255,240)
C3FN 3-fluoranylprop-2-ynenitrile 32038-83-8 273.15 373.124 4180.5984388241495 0.6065160802197994 1.4550826682451671e-07 997.0483008954374 4180.5984388241495 0.6065160802197994 1.4550826682451671e-07 997.0483008954374 4180.5984388241495 0.6065160802197994 1.4550826682451671e-07 997.0483008954374 rgb(255,250,250)
C3H2O propa-1,2-dien-1-one 61244-93-7 273.15 373.124 4180.5984388241495 0.6065160802197994 1.4550826682451671e-07 997.0483008954374 4180.5984388241495 0.6065160802197994 1.4550826682451671e-07 997.0483008954374 4180.5984388241495 0.6065160802197994 1.4550826682451671e-07 997.0483008954374 rgb(253,245,230)
C3H3 cyclopropene 28933-84-8 273.15 373.124 4180.5984388241495 0.6065160802197994 1.4550826682451671e-07 997.0483008954374 4180.5984388241495 0.6065160802197994 1.4550826682451671e-07 997.0483008954374 4180.5984388241495 0.6065160802197994 1.4550826682451671e-07 997.0483008954374 rgb(255,245,238)
C3H3F 3-fluoranylprop-1-yne 2805-22-3 273.15 373.124 4180.5984388241495 0.6065160802197994 1.4550826682451671e-07 997.0483008954374 4180.5984388241495 0.6065160802197994 1.4550826682451671e-07 997.0483008954374 4180.5984388241495 0.6065160802197994 1.4550826682451671e-07 997.0483008954374 rgb(255,240,245)
C3H4F2 3,3-bis(fluoranyl)prop-1-ene 430-62-6 273.15 373.124 4180.5984388241495 0.6065160802197994 1.4550826682451671e-07 997.0483008954374 4180.5984388241495 0.6065160802197994 1.4550826682451671e-07 997.0483008954374 4180.5984388241495 0.6065160802197994 1.4550826682451671e-07 997.0483008954374 rgb(176,196,222)
C3H4O prop-2-yn-1-ol 107-19-7 223.15 386.15 527.9892162544986 0.18971127118305103 1.224215290267045e-07 1215.2628441486738 1622.5481139691815 0.18971127118305103 1.224215290267045e-07 955.0756015379774 1435.2074902314214 0.01795519011843867 7.3911088647043615e-06 1.692644352905091 rgb(250,250,210)
C3H4O2 ethenyl methanoate 692-45-5 195.15 315.15 410.0464402292564 0.12336429298314483 9.155241860492868e-08 1235.0314874838505 1470.7613148307476 0.12336429298314483 9.155241860492868e-08 916.1729267252878 1117.37653277069 0.01392968358896475 4.713975076973487e-06 2.6445660815588403 rgb(135,206,235)
C3H5N propanenitrile 107-12-0 180.35 370.45 511.79409236380894 0.1643607174594563 1.1871523688921474e-07 1059.1945530663797 1780.909880547033 0.1643607174594563 1.1871523688921474e-07 777.4091027232998 1619.7014526532703 0.016918590863741707 5.993353906761816e-06 1.7428471195009483 rgb(255,255,0)
C3H6 prop-1-ene 115-07-1 88.075 225.55 342.18047839337436 0.17148071918119887 1.2687449315387194e-07 912.0971409114057 1958.643260346836 0.17148071918119887 1.2687449315387194e-07 690.0580609006129 1529.4918114101108 0.0171288467662298 6.417477250429175e-06 1.745085179540039 rgb(224,255,255)
C3H6O2 oxiran-2-ylmethanol 556-52-5 273.15 433.65 873.0771969118409 0.20821206714081644 2.040045911152835e-07 1168.9967644625049 1668.8360566148663 0.17656143337006955 9.904515843934874e-08 1068.1910143197463 1632.4268319767825 0.021640097420191556 6.599051759930961e-06 2.0088335461222018 rgb(255,215,0)
C3H7F 1-fluoranylpropane 460-13-9 114.15 270.15 370.40901584941537 0.13299775436099978 1.1449495270264171e-07 1089.7654041939725 1388.4536807966695 0.13299775436099978 1.1449495270264171e-07 836.6167779178003 1322.7560757263448 0.014852803863451277 4.311980330939387e-06 2.604065536375186 rgb(175,238,238)
C3H8N2 azetidin-1-amine 53779-89-8 273.15 373.124 4180.5984388241495 0.6065160802197994 1.4550826682451671e-07 997.0483008954374 4180.5984388241495 0.6065160802197994 1.4550826682451671e-07 997.0483008954374 4180.5984388241495 0.6065160802197994 1.4550826682451671e-07 997.0483008954374 rgb(184,134,11)
C3H8O methoxyethane 540-67-0 160.15 279.15 579.4999962631342 0.1703750419306777 1.2996612209010295e-07 1009.0364991859713 1675.521040419088 0.1703750419306777 1.2996612209010295e-07 782.3947527639965 1553.4967809218183 0.016579055916993345 4.227979621310948e-06 2.524158099652299 rgb(238,232,170)
C3H9N propan-1-amine 107-10-8 190.15 320.36 738.895300680869 0.1688858119795054 1.119046535901009e-07 974.5094787894715 2113.7283311163724 0.1688858119795054 1.119046535901009e-07 713.996118105302 1735.6769078124553 0.01885770046250651 5.082410098760879e-06 2.1377166623503436 rgb(255,255,0)
C3HN isocyanoethyne 66723-45-3 273.15 373.124 4180.5984388241495 0.6065160802197994 1.4550826682451671e-07 997.0483008954374 4180.5984388241495 0.6065160802197994 1.4550826682451671e-07 997.0483008954374 4180.5984388241495 0.6065160802197994 1.4550826682451671e-07 997.0483008954374 rgb(154,205,50)
C3O2 propa-1,2-diene-1,3-dione 504-64-3 166.15 279.95 202.91176366082613 0.15616987287544243 4.6241550189989295e-06 1549.733605758741 715.6202137200287 0.15616987287544243 4.6241550189989295e-06 2.7806980355789546 989.0306918191422 0.012717331258025818 4.6241550189989295e-06 2.7806980355789546 rgb(255,248,220)
C4H10 butane 106-97-8 135.05 272.65 622.1691061149517 0.1476612404857199 1.0638056211826445e-07 879.8868354245016 2070.497395265954 0.1476612404857199 1.0638056211826445e-07 670.3931116948164 1695.8845377562018 0.016563723034937184 3.987691712463465e-06 2.449289404295149 rgb(240,248,255)
C4H6 buta-1,2-diene 590-19-2 136.95 284.15 463.69870224197587 0.14440641362971618 9.93284069540243e-08 981.5988688134325 1952.53728077574 0.14440641362971618 9.93284069540243e-08 744.5839615874987 1469.7904188871855 0.014898933627439086 4.459418916344602e-06 2.273115491159648 rgb(210,180,140)
C4H6O (e)-but-2-enal 123-73-9 196.55 375.35 525.8824031500354 0.15187398162594856 9.144711052022372e-08 1068.6961494711525 2033.0051846122115 0.15187398162594856 9.144711052022372e-08 816.9113030617507 1630.9731053675603 0.018419309204345813 5.153088310081085e-06 2.1915882011450587 rgb(240,255,255)
C4H8O 2,2-dimethyloxirane 558-30-5 273.15 324.15 1119.8773054493158 0.15770514601497226 1.9705987099303848e-07 714.6233904322833 1895.5958743465364 0.12606006062372693 1.0982396015523397e-07 605.5285952271593 1587.4638813975043 0.017237228256740705 4.206490028960093e-06 2.581331112781912 rgb(144,238,144)
C5H10 (e)-pent-2-ene 646-04-8 137.15 309.45 549.0015180295239 0.12022355712027928 7.436559831415297e-08 1139.1702824787985 2085.0717024582264 0.12022355712027928 7.436559831415297e-08 775.3476997626017 1693.738026208512 0.017309074346660586 3.881029866971395e-06 2.633180440171392 rgb(216,191,216)
C5H7 3-methylbut-1-yne 56897-57-5 273.15 373.124 4180.5984388241495 0.6065160802197994 1.4550826682451671e-07 997.0483008954374 4180.5984388241495 0.6065160802197994 1.4550826682451671e-07 997.0483008954374 4180.5984388241495 0.6065160802197994 1.4550826682451671e-07 997.0483008954374 rgb(165,42,42)
CF2N2 bis(fluoranyl)cyanamide 7127-18-6 273.15 373.124 4180.5984388241495 0.6065160802197994 1.4550826682451671e-07 997.0483008954374 4180.5984388241495 0.6065160802197994 1.4550826682451671e-07 997.0483008954374 4180.5984388241495 0.6065160802197994 1.4550826682451671e-07 997.0483008954374 rgb(176,224,230)
CF4 tetrakis(fluoranyl)methane 75-73-0 89.35 145.25 81.78390486696183 0.016016359785038656 6.395446846379537e-06 2240.338409701063 876.90372494146 0.016016359785038656 6.395446846379537e-06 3.6105922268573405 693.6086162027786 0.016016359785038656 6.395446846379537e-06 3.6105922268573405 rgb(221,160,221)
CH2F2 bis(fluoranyl)methane 75-10-5 137.15 221.5 225.09237633192262 0.21777562490462346 1.054326768362638e-07 1709.9003371754322 1560.4847390333655 0.21777562490462346 1.054326768362638e-07 1323.6541019576555 824.6012431992077 0.015326246455741356 8.632277078543336e-06 2.153111139784652 rgb(250,235,215)
CH2FO2 fluoranyl(lambda-oxidanyloxy)methane 119437-63-7 273.15 373.124 4180.5984388241495 0.6065160802197994 1.4550826682451671e-07 997.0483008954374 4180.5984388241495 0.6065160802197994 1.4550826682451671e-07 997.0483008954374 4180.5984388241495 0.6065160802197994 1.4550826682451671e-07 997.0483008954374 rgb(245,245,220)
CH2N2 diazomethane 151-51-9 273.15 373.124 4180.5984388241495 0.6065160802197994 1.4550826682451671e-07 997.0483008954374 4180.5984388241495 0.6065160802197994 1.4550826682451671e-07 997.0483008954374 4180.5984388241495 0.6065160802197994 1.4550826682451671e-07 997.0483008954374 rgb(210,105,30)
CH2O methanol 50-00-0 181.15 254.05 412.0268472351635 0.22725989928170742 2.1848506397147212e-07 1114.968961238653 1190.912116041316 0.22725989928170742 2.1848506397147212e-07 873.4164013422197 1178.5796107066658 0.019029516130612257 1.2962865076086132e-05 1.2455690869861507 rgb(250,240,230)
CH2O2 methanoic acid 64-18-6 281.45 374.15 488.2684838986471 0.26446188221489747 1.651251534034121e-07 1480.4959366970218 1319.5654132477757 0.26446188221489747 1.651251534034121e-07 1213.721168710579 1183.8856187894785 0.021328491586397824 1.254900766764732e-05 1.4356249991335852 rgb(253,245,230)
CH2O3 methaneperoxoic acid 107-32-4 273.15 373.124 4180.5984388241495 0.6065160802197994 1.4550826682451671e-07 997.0483008954374 4180.5984388241495 0.6065160802197994 1.4550826682451671e-07 997.0483008954374 4180.5984388241495 0.6065160802197994 1.4550826682451671e-07 997.0483008954374 rgb(127,255,0)
CH3F fluoranylmethane 593-53-3 131.3 194.84 343.94218990302045 0.2726760541163324 1.400514075419764e-07 1205.8086493422622 2061.6580043856643 0.2726760541163324 1.400514075419764e-07 944.3715568934736 1101.488168194694 0.020087585577507235 1.3000492613303043e-05 1.4027752495930714 rgb(255,255,0)
CH3NO methanamide 75-12-7 275.15 490.15 586.4064471259335 0.34592843937470485 1.2799001968104132e-07 1377.6168789337073 2393.6565240923596 0.34592843937470485 1.2799001968104132e-07 1129.1413969651696 1446.2097984256807 0.02333328862727913 1.4879962402166382e-05 1.0842834268368753 rgb(160,82,45)
CH3NO2 nitromethane 75-52-5 244.15 374.34 455.1492351025573 0.202754676234372 1.0312063954700538e-07 1438.2341363319051 1741.9416031153576 0.202754676234372 1.0312063954700538e-07 1128.7342150709367 1147.185861001724 0.015786585998565084 7.237176669260185e-06 1.9014515315524425 rgb(222,184,135)
CH4 methane 74-82-8 90.75 111.65 555.944756835307 0.1980851886373261 1.3378834363670022e-07 542.3701432495602 3386.006211110298 0.1980851886373261 1.3378834363670022e-07 437.2662680776118 2222.9066404887985 0.03413769381415857 2.337948680710614e-05 0.6568678130711797 rgb(250,240,230)
CH4N2 azanium;cyanide 12211-52-8 273.15 304.85 951.4555949231126 0.21388736715212275 1.5930392417122244e-07 1411.140109737908 1748.0540990787792 0.18223347895907643 8.655459664287878e-08 1204.434425793409 1258.145398845235 0.018808543435947005 9.073742082318164e-06 1.6475473322111134 rgb(255,192,203)
CH4N2O2 1-oxidanylurea 127-07-1 415.65 373.124 1064.950967867927 0.6065160802197994 1.4550826682451671e-07 257.23258723163866 1416.943210495081 0.6065160802197994 1.4550826682451671e-07 249.05456159697414 1431.0575140343594 0.6065160802197994 1.4550826682451671e-07 248.73699889451308 rgb(250,235,215)
CH5NO2 azanium;methanoate 540-69-2 389.15 373.124 1241.720496369144 0.6065160802197994 1.4550826682451671e-07 1269.977845443017 1575.070392652744 0.6065160802197994 1.4550826682451671e-07 1269.977845443017 1575.070392652744 0.6065160802197994 1.4550826682451671e-07 1269.977845443017 rgb(255,239,213)
CH6N4 2-azanylguanidine 79-17-4 273.15 373.124 4180.5984388241495 0.6065160802197994 1.4550826682451671e-07 997.0483008954374 4180.5984388241495 0.6065160802197994 1.4550826682451671e-07 997.0483008954374 4180.5984388241495 0.6065160802197994 1.4550826682451671e-07 997.0483008954374 rgb(245,255,250)
CHF3 tris(fluoranyl)methane 75-46-7 115.6 191.15 138.0074919463693 0.17974411171328641 9.496890381998703e-08 2042.7135698271368 1195.8394921846805 0.17974411171328641 9.496890381998703e-08 1582.7063878476824 728.5246942018128 0.013633850726800198 6.488951944744596e-06 2.8840295077731466 rgb(253,245,230)
CHFO2 carbonofluoridic acid 35576-88-6 273.15 373.124 4180.5984388241495 0.6065160802197994 1.4550826682451671e-07 997.0483008954374 4180.5984388241495 0.6065160802197994 1.4550826682451671e-07 997.0483008954374 4180.5984388241495 0.6065160802197994 1.4550826682451671e-07 997.0483008954374 rgb(60,179,113)
CHN hydrogen cyanide 74-90-8 259.75 298.78 464.8497152476211 0.22115615544610534 2.4244008791124116e-07 882.1621531464593 1342.3705862459685 0.22115615544610534 2.4244008791124116e-07 679.5511806837052 1362.113288175383 0.016085636452934173 1.136654281279128e-05 1.0389547364215257 rgb(255,99,71)
CN2O nitrous oxide 4343-68-4 273.15 373.124 4180.5984388241495 0.6065160802197994 1.4550826682451671e-07 997.0483008954374 4180.5984388241495 0.6065160802197994 1.4550826682451671e-07 997.0483008954374 4180.5984388241495 0.6065160802197994 1.4550826682451671e-07 997.0483008954374 rgb(224,255,255)
F2 molecular fluorine 7782-41-4 53.48 85.04 40.016109192256394 0.15970491922743693 6.728287585827712e-08 2046.718820547188 1476.8927798803577 0.15970491922743693 6.728287585827712e-08 1607.1809645018934 823.3480765967473 0.030131790828978267 2.3554257344772647e-05 1.553717484344267 rgb(100,149,237)
F2HN difluoroamine 10405-27-3 157.15 250.15 197.9571135727897 0.18348595095213446 1.4550826682451671e-07 2233.6176228420964 661.8959343217933 0.18348595095213446 1.4550826682451671e-07 2.1667922204127685 916.0317858981014 0.6065160802197994 1.4550826682451671e-07 2.1667922204127685 rgb(255,255,0)
F2N2O nitrosodifluoroamine 14984-78-2 273.15 373.124 4180.5984388241495 0.6065160802197994 1.4550826682451671e-07 997.0483008954374 4180.5984388241495 0.6065160802197994 1.4550826682451671e-07 997.0483008954374 4180.5984388241495 0.6065160802197994 1.4550826682451671e-07 997.0483008954374 rgb(173,216,230)
F2O oxygen difluoride 7783-41-7 49.35 128.85 38.10692979508636 0.094535994385258 6.115275444839497e-07 2156.9977051609935 93.55589483706211 0.094535994385258 6.115275444839497e-07 1652.380329487374 802.0891812590204 0.023238212185013995 1.308882028123456e-05 2.213500119535825 rgb(255,254,153)
F2O2 dioxygen difluoride 7783-44-0 109.65 216.15 103.12796734002133 0.18081350553042846 1.4550826682451671e-07 2633.9900566397177 374.80171866845575 0.18081350553042846 1.4550826682451671e-07 2.8610035324483096 886.096179996431 0.6065160802197994 1.4550826682451671e-07 2.8610035324483096 rgb(255,15,15)
F3N nitrogen trifluoride 7783-54-2 66.36 144.4 56.49535119476604 0.08906933152258392 3.214311388575052e-07 2262.555769199123 160.180065171425 0.08906933152258392 3.214311388575052e-07 1729.942944471139 895.4214220036793 0.02362793230273076 9.055116986216142e-06 2.9140981298019644 rgb(154,205,50)
FH fluorane 7664-39-3 189.6 293.15 316.24691465172305 0.4794444471998432 1.6410851585565264e-07 1445.4267763227795 2701.189969298454 0.4794444471998432 1.6410851585565264e-07 1081.563560729547 1456.4339093962365 0.030137764876571452 2.4742201495824554e-05 0.8363381718128923 rgb(255,248,220)
FH2N monofluoroamine 15861-05-9 273.15 373.124 4180.5984388241495 0.6065160802197994 1.4550826682451671e-07 997.0483008954374 4180.5984388241495 0.6065160802197994 1.4550826682451671e-07 997.0483008954374 4180.5984388241495 0.6065160802197994 1.4550826682451671e-07 997.0483008954374 rgb(255,255,224)
FHO hypofluorous acid 14034-79-8 273.15 373.124 4180.5984388241495 0.6065160802197994 1.4550826682451671e-07 997.0483008954374 4180.5984388241495 0.6065160802197994 1.4550826682451671e-07 997.0483008954374 4180.5984388241495 0.6065160802197994 1.4550826682451671e-07 997.0483008954374 rgb(255,215,0)
FN3 fluorine azide 14986-60-8 273.15 373.124 4180.5984388241495 0.6065160802197994 1.4550826682451671e-07 997.0483008954374 4180.5984388241495 0.6065160802197994 1.4550826682451671e-07 997.0483008954374 4180.5984388241495 0.6065160802197994 1.4550826682451671e-07 997.0483008954374 rgb(154,205,50)
FNO2 fluoranyl nitrite 96607-23-7 273.15 373.124 4180.5984388241495 0.6065160802197994 1.4550826682451671e-07 997.0483008954374 4180.5984388241495 0.6065160802197994 1.4550826682451671e-07 997.0483008954374 4180.5984388241495 0.6065160802197994 1.4550826682451671e-07 997.0483008954374 rgb(255,140,0)
FNO3 fluoranyl nitrate 7789-26-6 98.15 227.15 99.21435154504196 0.17456826094537128 1.4550826682451671e-07 2432.745412126892 404.92633881633424 0.17456826094537128 1.4550826682451671e-07 3.3109326215535355 901.6325646551769 0.6065160802197994 1.4550826682451671e-07 3.3109326215535355 rgb(166,162,235)
H2 molecular hydrogen 1333-74-0 13.99 20.271 7.647143706996223 0.10180701322982869 1.7225107407888646e-07 93.05490948887329 7955.6151525868745 0.10180701322982869 1.7225107407888646e-07 74.29198999536153 14302.415609944494 0.18580952258946792 0.00015776289733897763 0.08234812213743091 rgb(255,255,255)
H2N2O hyponitrous acid 35576-91-1 273.15 373.124 4180.5984388241495 0.6065160802197994 1.4550826682451671e-07 997.0483008954374 4180.5984388241495 0.6065160802197994 1.4550826682451671e-07 997.0483008954374 4180.5984388241495 0.6065160802197994 1.4550826682451671e-07 997.0483008954374 rgb(210,180,140)
H2N2O2 hyponitrous acid 14448-38-5 273.15 373.124 4180.5984388241495 0.6065160802197994 1.4550826682451671e-07 997.0483008954374 4180.5984388241495 0.6065160802197994 1.4550826682451671e-07 997.0483008954374 4180.5984388241495 0.6065160802197994 1.4550826682451671e-07 997.0483008954374 rgb(255,255,240)
H2O water 7732-18-5 273.15 373.124 728.0720814915745 0.6065160802197994 1.4550826682451671e-07 1207.1790225234947 4180.5984388241495 0.6065160802197994 1.4550826682451671e-07 997.0483008954374 1900.5644794211437 0.02666968688909171 2.5161422280476085e-05 0.5576993292959589 rgb(90,223,255)
H3N ammonia 7664-41-7 195.45 239.82 810.75572142542 0.7406636845231263 2.3838021719298072e-07 881.6098700558221 4386.873854693915 0.7406636845231263 2.3838021719298072e-07 708.2648577511053 2093.232877239785 0.024934520926680546 1.6932045337734902e-05 0.703516128613865 rgb(255,250,240)
H4N2O2 ammonium nitrite 13446-48-5 273.15 373.124 4180.5984388241495 0.6065160802197994 1.4550826682451671e-07 997.0483008954374 4180.5984388241495 0.6065160802197994 1.4550826682451671e-07 997.0483008954374 4180.5984388241495 0.6065160802197994 1.4550826682451671e-07 997.0483008954374 rgb(255,254,153)
H4N2O3 ammonium nitrate 6484-52-2 442.85 373.124 1662.2390664259967 0.6065160802197994 1.4550826682451671e-07 1720.0077358448216 1662.2390664259967 0.6065160802197994 1.4550826682451671e-07 1720.0077358448216 1662.2390664259967 0.6065160802197994 1.4550826682451671e-07 1720.0077358448216 rgb(224,255,255)
HN3 hydrogen azide 7782-79-8 193.15 308.85 297.9953025465974 0.6065160802197994 1.4550826682451671e-07 149.8722316063288 1162.3859581186778 0.6065160802197994 1.4550826682451671e-07 997.0483008954374 1072.4060006263348 0.6065160802197994 1.4550826682451671e-07 1.5706615434315647 rgb(205,92,92)
HNO nitroxyl 14332-28-6 109.55 373.124 4180.5984388241495 0.6065160802197994 1.4550826682451671e-07 997.0483008954374 4180.5984388241495 0.6065160802197994 1.4550826682451671e-07 997.0483008954374 4180.5984388241495 0.6065160802197994 1.4550826682451671e-07 997.0483008954374 rgb(255,250,250)
HNO2 nitrous acid 7782-77-6 273.15 373.124 4180.5984388241495 0.6065160802197994 1.4550826682451671e-07 997.0483008954374 4180.5984388241495 0.6065160802197994 1.4550826682451671e-07 997.0483008954374 4180.5984388241495 0.6065160802197994 1.4550826682451671e-07 997.0483008954374 rgb(176,196,222)
HNO3 nitric acid 7697-37-2 231.15 356.15 297.89242198423193 0.15932818058562967 1.0357287072019493e-07 1815.4753902121618 1016.7748619723258 0.15932818058562967 1.0357287072019493e-07 1512.9402698682693 982.9796303309437 0.01517994518630969 7.538867729924424e-06 2.0484226126848335 rgb(246,65,45)
N2 molecular nitrogen 7727-37-9 63.15 77.355 67.51295341371282 0.15902223789312414 9.423889384998383e-08 1044.2264500774409 2014.713849981537 0.15902223789312414 9.423889384998383e-08 837.5568774420807 1039.4981847817683 0.02583511565037283 2.1701489906977854e-05 1.1452416223829405 rgb(255,255,255)
N2O3 dinitrogen trioxide 10544-73-7 172.05 275.15 186.73236046524755 0.1212144042531451 1.3373472266142452e-07 1680.0132612407149 647.3758166967453 0.1212144042531451 1.3373472266142452e-07 1400.0823412555835 940.6124917493582 0.012924698428634444 4.348540936631911e-06 3.1598474296808483 rbg(2,0,117)
O2 molecular oxygen 7782-44-7 54.36 90.188 48.49664677361998 0.17651447681237847 8.575411692240759e-08 1565.4550318762526 1678.0539184277452 0.17651447681237847 8.575411692240759e-08 1226.646543809545 917.8981768184461 0.02634044066944915 2.1926016985036394e-05 1.3087864284209203 rgb(255,255,245)
O3 ozone 10028-15-6 80.15 161.8 79.51668766635865 0.22445476867513167 6.067515546303551e-07 1921.542621723979 249.37682413520957 0.22445476867513167 6.067515546303551e-07 1483.4122090794128 824.9921536827015 0.023269736708034932 1.4310670226376944e-05 1.9709775486856156 rgb(176,196,222)
